SM:2026-04-30T17:16:14.3545940Z
LM:2026-04-30T18:57:17.9528345Z
CT:image/jpeg
MA:2592000
CL:40636
