SM:2026-04-30T15:49:25.9226149Z
LM:2026-04-30T15:49:41.2666409Z
CT:image/jpeg
MA:2592000
CL:1043766
