SM:2026-04-30T17:16:14.3516339Z
LM:2026-04-30T18:57:17.9525121Z
CT:image/jpeg
MA:2592000
CL:19609
