SM:2026-04-30T17:16:14.3516339Z
LM:2026-04-30T17:16:45.5660771Z
CT:image/jpeg
MA:2592000
CL:412650
