SM:2026-04-30T17:16:14.3480136Z
LM:2026-04-30T18:57:17.9530476Z
CT:image/jpeg
MA:2592000
CL:56859
